No	lscores	gscores
0	15.3449	1.9062
1	0.0000	0.0000
2	42.2649	5.2503
3	3.8241	0.4750
4	30.7786	3.8234
5	26.5440	3.2974
6	0.0000	0.0000
7	33.9666	4.2195
8	19.2311	2.3890
9	23.4746	2.9161
10	11.6860	1.4517
11	31.1088	3.8645
12	38.6018	4.7952
13	3.7751	0.4690
14	11.0005	1.3665
15	18.9945	2.3596
16	40.4274	5.0220
17	30.6392	3.8061
18	3.0588	0.3800
19	24.9441	3.0986
20	36.9720	4.5928
21	5.6293	0.6993
22	25.5774	3.1773
23	2.9659	0.3684
24	15.6759	1.9473
25	0.0000	0.0000
26	26.3657	3.2752
27	25.7065	3.1934
28	38.3709	4.7666
29	31.8641	3.9583
30	2.4970	0.3102
31	8.7210	1.0834
32	47.2347	5.8677
33	36.5669	4.5425
34	33.2150	4.1261
35	60.5289	7.5191
36	31.9147	3.9646
37	49.3608	6.1318
38	24.6960	3.0678
39	83.0748	10.3198
40	23.6599	2.9391
41	0.0000	0.0000
42	46.1030	5.7271
43	18.4119	2.2872
44	48.6675	6.0457
45	16.3695	2.0335
46	7.5904	0.9429
47	67.5331	8.3892
48	23.5844	2.9297
49	35.4517	4.4039
50	30.1787	3.7489
51	23.4370	2.9114
52	19.8858	2.4703
53	34.2303	4.2522
54	9.1045	1.1310
55	5.6196	0.6981
56	40.8341	5.0726
57	31.8812	3.9604
58	48.1556	5.9821
59	38.2749	4.7547
60	34.0316	4.2275
61	37.2255	4.6243
62	34.7349	4.3149
63	0.0000	0.0000
64	26.2687	3.2632
65	60.3942	7.5024
66	7.2820	0.9046
67	0.0000	0.0000
68	0.0000	0.0000
69	7.0834	0.8799
70	70.8362	8.7995
71	33.6338	4.1781
72	19.3668	2.4058
73	0.0000	0.0000
74	10.4995	1.3043
75	67.7083	8.4110
76	38.7664	4.8157
77	0.0000	0.0000
78	34.9020	4.3357
79	32.3059	4.0132
80	14.3894	1.7875
81	54.9480	6.8258
82	42.7305	5.3081
83	41.1325	5.1096
84	25.5101	3.1690
85	33.2332	4.1283
86	42.9826	5.3395
87	28.4839	3.5384
88	14.1188	1.7539
89	52.7894	6.5577
90	30.8351	3.8304
91	4.5906	0.5703
92	35.7012	4.4349
93	0.0000	0.0000
94	52.5142	6.5235
95	49.4154	6.1386
96	38.9373	4.8369
97	0.0000	0.0000
98	24.8757	3.0902
99	2.8357	0.3523
100	65.1796	8.0968
101	48.3135	6.0017
102	55.1924	6.8562
103	16.3860	2.0355
104	25.0195	3.1080
105	36.9167	4.5859
106	41.1238	5.1086
107	57.1850	7.1037
108	14.6459	1.8194
109	40.2428	4.9991
110	0.0000	0.0000
111	23.3962	2.9064
112	10.0613	1.2499
113	40.7587	5.0632
114	18.3570	2.2804
115	27.2715	3.3878
116	18.0137	2.2377
117	40.5408	5.0361
118	55.0681	6.8408
119	23.5673	2.9276
120	36.1964	4.4964
121	5.5623	0.6910
122	15.6441	1.9434
123	25.7882	3.2035
124	28.3047	3.5161
125	60.1144	7.4676
126	12.2017	1.5157
127	8.5196	1.0583
128	0.0000	0.0000
129	25.5933	3.1793
130	0.0000	0.0000
131	34.2508	4.2548
132	36.3381	4.5141
133	7.9753	0.9907
134	30.6270	3.8046
135	10.4920	1.3034
136	15.7945	1.9621
137	9.5887	1.1911
138	0.0000	0.0000
139	27.7759	3.4504
140	2.7012	0.3356
141	47.7186	5.9278
142	39.1853	4.8677
143	36.7453	4.5646
144	41.3918	5.1418
145	23.0245	2.8602
146	28.0857	3.4889
147	17.8495	2.2173
148	9.6622	1.2003
149	35.9682	4.4681
150	58.2293	7.2334
151	54.9055	6.8206
152	38.9533	4.8389
153	30.4680	3.7848
154	49.2371	6.1164
155	59.7603	7.4236
156	12.6001	1.5652
157	27.1752	3.3758
158	0.0000	0.0000
159	12.7032	1.5780
160	19.7912	2.4585
161	0.0000	0.0000
162	16.4717	2.0462
163	8.9797	1.1155
164	7.9407	0.9864
165	16.9002	2.0994
166	25.0156	3.1075
167	40.8602	5.0758
168	31.6013	3.9256
169	13.3207	1.6547
170	6.3146	0.7844
171	50.7201	6.3006
172	38.7660	4.8156
173	39.0965	4.8567
174	39.3851	4.8926
175	24.5222	3.0462
176	21.4784	2.6681
177	0.0000	0.0000
178	35.3373	4.3897
179	0.0000	0.0000
180	25.1871	3.1288
181	38.4445	4.7757
182	7.3398	0.9118
183	0.0000	0.0000
184	31.1109	3.8647
185	46.2179	5.7414
186	9.7202	1.2075
187	42.6598	5.2994
188	0.0000	0.0000
189	51.9564	6.4542
190	51.2591	6.3676
191	21.5773	2.6804
192	24.0200	2.9839
193	0.0000	0.0000
194	36.1541	4.4912
195	0.0000	0.0000
196	0.0000	0.0000
197	56.8959	7.0678
198	23.4179	2.9091
199	29.0074	3.6034
200	54.4953	6.7696
201	50.4193	6.2633
202	24.7557	3.0752
203	20.3191	2.5241
204	9.8883	1.2284
205	28.4272	3.5313
206	10.3044	1.2800
207	0.0000	0.0000
208	49.0013	6.0871
209	64.6584	8.0321
210	28.9878	3.6010
211	22.6483	2.8135
212	34.9472	4.3413
213	27.1328	3.3705
214	12.8984	1.6023
215	28.8052	3.5783
216	25.2998	3.1428
217	49.2996	6.1242
218	34.6291	4.3018
219	29.7843	3.6999
220	41.0011	5.0933
221	17.2258	2.1398
222	5.4131	0.6724
223	60.5304	7.5193
224	36.0253	4.4752
225	53.3585	6.6284
226	23.8475	2.9624
227	36.8577	4.5786
228	45.2436	5.6203
229	12.9885	1.6135
230	0.0000	0.0000
231	28.9785	3.5998
232	10.6796	1.3267
233	38.4914	4.7815
234	13.7210	1.7045
235	14.0587	1.7464
236	32.5651	4.0454
237	32.0967	3.9872
238	40.2220	4.9965
239	35.8015	4.4474
240	60.3631	7.4985
241	4.4737	0.5557
242	17.5471	2.1798
243	0.0000	0.0000
244	7.7084	0.9576
245	53.2944	6.6204
246	31.6173	3.9276
247	28.1166	3.4927
248	7.9340	0.9856
249	0.0000	0.0000
250	52.6975	6.5463
251	66.4465	8.2542
252	0.0000	0.0000
253	43.9300	5.4571
254	46.1569	5.7338
255	6.6884	0.8309
256	5.4629	0.6786
257	40.4750	5.0280
258	25.1307	3.1218
259	24.6429	3.0612
260	0.0000	0.0000
261	15.8964	1.9747
262	6.2958	0.7821
263	19.3472	2.4034
264	42.6107	5.2933
265	40.7577	5.0631
266	45.9034	5.7023
267	5.7134	0.7097
268	45.7379	5.6817
269	31.5631	3.9209
270	28.6270	3.5562
271	38.5633	4.7905
272	41.2134	5.1197
273	36.8960	4.5834
274	20.6128	2.5606
275	23.7393	2.9490
276	9.2939	1.1545
277	33.0603	4.1069
278	36.6647	4.5546
279	33.2093	4.1254
280	21.5454	2.6764
281	12.1296	1.5068
282	2.4626	0.3059
283	27.9807	3.4759
284	58.2179	7.2320
285	48.5907	6.0361
286	16.7139	2.0763
287	0.0000	0.0000
288	42.2516	5.2486
289	23.3065	2.8952
290	58.3271	7.2456
291	0.0000	0.0000
292	49.4121	6.1381
293	44.9744	5.5869
294	14.6021	1.8139
295	0.0000	0.0000
296	17.6146	2.1881
297	43.2458	5.3721
298	30.4597	3.7838
299	52.1222	6.4748
300	2.4136	0.2998
301	25.3103	3.1441
302	22.3997	2.7826
303	23.8408	2.9616
304	28.3681	3.5240
305	58.2229	7.2327
306	42.9916	5.3406
307	40.7182	5.0582
308	31.6291	3.9291
309	32.9893	4.0980
310	19.7720	2.4561
311	39.8539	4.9508
312	38.1019	4.7332
313	41.5329	5.1594
314	19.7525	2.4537
315	71.9035	8.9321
316	24.3476	3.0246
317	11.3154	1.4056
318	40.4346	5.0229
319	0.0000	0.0000
320	54.8050	6.8081
321	71.0375	8.8245
322	36.9065	4.5847
323	6.6971	0.8319
324	42.2048	5.2428
325	43.3819	5.3891
326	17.4226	2.1643
327	8.6907	1.0796
328	8.6333	1.0725
329	36.0110	4.4734
330	17.3764	2.1586
331	26.9267	3.3449
332	72.6257	9.0218
333	23.3213	2.8971
334	52.2799	6.4944
335	41.5590	5.1626
336	18.2132	2.2625
337	27.6928	3.4401
338	36.1051	4.4851
339	32.3142	4.0142
340	11.6952	1.4528
341	16.0668	1.9959
342	30.0709	3.7355
343	27.4792	3.4136
344	19.1832	2.3830
345	2.8157	0.3498
346	26.4583	3.2867
347	35.8957	4.4591
348	25.0175	3.1078
349	25.0985	3.1178
350	42.8291	5.3204
351	23.8238	2.9595
352	25.7204	3.1951
353	33.3295	4.1403
354	5.1651	0.6416
355	25.9410	3.2225
356	14.9974	1.8630
357	50.1967	6.2356
358	23.1150	2.8714
359	33.4212	4.1517
360	21.9103	2.7218
361	34.2536	4.2551
362	31.7240	3.9409
363	0.0000	0.0000
364	7.9966	0.9934
365	28.2801	3.5131
366	47.0237	5.8414
367	21.8618	2.7158
368	28.8459	3.5833
369	34.3342	4.2651
370	19.1019	2.3729
371	26.1979	3.2544
372	32.0856	3.9858
373	14.5883	1.8122
374	24.3356	3.0231
375	27.1267	3.3698
376	30.9900	3.8497
377	20.6400	2.5640
378	30.6696	3.8099
379	0.0000	0.0000
380	35.2174	4.3748
381	30.4925	3.7879
382	44.1271	5.4816
383	52.5949	6.5335
384	14.1468	1.7574
385	28.8514	3.5840
386	7.1883	0.8930
387	29.1455	3.6206
388	71.1135	8.8340
389	52.0404	6.4646
390	20.1887	2.5079
391	51.3188	6.3750
392	41.0466	5.0990
393	38.5457	4.7883
394	18.9214	2.3505
395	4.6223	0.5742
396	9.6086	1.1936
397	26.3466	3.2729
398	39.9711	4.9654
399	68.5105	8.5106
400	32.9999	4.0994
401	4.9168	0.6108
402	19.7471	2.4531
403	0.0000	0.0000
404	20.9743	2.6055
405	15.3243	1.9036
406	4.9503	0.6149
407	43.7565	5.4356
408	60.0085	7.4545
409	0.0000	0.0000
410	11.0041	1.3670
411	47.5313	5.9045
412	8.6615	1.0760
413	34.6482	4.3041
414	23.7193	2.9465
415	34.0469	4.2294
416	3.6565	0.4542
417	0.0000	0.0000
418	40.0691	4.9775
419	41.7868	5.1909
420	0.0000	0.0000
421	58.5260	7.2703
422	12.4696	1.5490
423	23.0874	2.8680
424	63.1010	7.8386
425	11.5422	1.4338
426	49.4612	6.1442
427	0.0000	0.0000
428	8.6415	1.0735
429	2.6678	0.3314
430	5.4831	0.6811
431	46.2269	5.7425
432	43.3058	5.3796
433	25.5368	3.1723
434	30.8373	3.8307
435	12.4521	1.5468
436	31.3327	3.8923
437	58.8958	7.3163
438	49.8075	6.1873
439	22.5921	2.8065
440	73.7422	9.1605
441	0.0000	0.0000
442	33.9740	4.2204
443	43.9891	5.4645
444	20.6692	2.5676
445	12.7591	1.5850
446	34.9591	4.3427
447	9.8971	1.2295
448	37.7255	4.6864
449	0.0000	0.0000
450	37.8700	4.7043
451	41.2226	5.1208
452	34.6790	4.3080
453	31.5111	3.9144
454	7.2690	0.9030
455	0.0000	0.0000
456	50.0798	6.2211
457	65.1926	8.0985
458	17.4991	2.1738
459	13.4740	1.6738
460	0.0000	0.0000
461	40.9427	5.0861
462	41.0447	5.0987
463	40.4683	5.0271
464	13.7929	1.7134
465	19.9720	2.4810
466	9.6829	1.2028
467	60.2267	7.4816
468	40.7429	5.0612
469	22.5338	2.7992
470	32.2514	4.0064
471	12.3472	1.5338
472	16.6907	2.0734
473	26.1266	3.2455
474	24.1553	3.0007
475	70.5696	8.7664
476	3.6399	0.4522
477	32.2186	4.0023
478	42.2011	5.2424
479	19.0221	2.3630
480	45.8807	5.6995
481	32.8126	4.0761
482	46.4423	5.7692
483	19.8444	2.4651
484	41.0439	5.0986
485	49.2481	6.1178
486	0.0000	0.0000
487	28.1810	3.5007
488	34.6902	4.3093
489	29.7094	3.6906
490	0.0000	0.0000
491	7.7285	0.9601
492	33.2953	4.1361
493	0.0000	0.0000
494	19.9926	2.4836
495	20.3085	2.5228
496	27.0698	3.3627
497	18.8172	2.3375
498	53.7176	6.6730
499	18.6732	2.3197
500	18.1101	2.2497
501	30.1214	3.7418
502	0.0000	0.0000
503	46.1123	5.7282
504	28.6380	3.5575
505	4.5296	0.5627
506	22.5041	2.7955
507	36.1983	4.4967
508	21.2411	2.6386
509	14.1711	1.7604
510	0.0000	0.0000
511	9.1525	1.1370
512	9.1331	1.1345
513	34.8750	4.3323
514	24.3934	3.0302
515	34.1984	4.2483
516	31.8117	3.9518
517	58.3519	7.2487
518	44.4560	5.5225
519	35.0848	4.3584
520	18.7020	2.3232
521	17.2743	2.1459
522	0.0000	0.0000
523	44.2242	5.4937
524	0.0000	0.0000
525	18.8101	2.3367
526	2.6212	0.3256
527	41.9618	5.2127
528	44.7881	5.5637
529	13.8472	1.7201
530	30.2837	3.7620
531	70.2066	8.7213
532	31.3220	3.8909
533	38.1294	4.7366
534	62.5271	7.7673
535	11.6134	1.4427
536	22.6529	2.8140
537	2.6720	0.3319
538	20.8642	2.5918
539	27.8735	3.4626
540	25.9801	3.2273
541	10.5371	1.3090
542	10.1067	1.2555
543	18.8789	2.3452
544	12.7291	1.5813
545	6.8259	0.8479
546	9.6174	1.1947
547	38.4833	4.7805
548	27.4363	3.4082
549	2.1980	0.2730
550	29.6203	3.6795
551	0.0000	0.0000
552	31.4333	3.9048
553	34.3856	4.2715
554	28.8351	3.5820
555	36.2017	4.4971
556	53.8223	6.6860
557	10.0272	1.2456
558	29.8789	3.7117
559	73.1411	9.0859
560	18.5742	2.3074
561	18.0157	2.2380
562	3.4310	0.4262
563	13.7425	1.7071
564	22.4588	2.7899
565	0.0000	0.0000
566	50.4249	6.2640
567	22.1766	2.7549
568	67.4720	8.3816
569	23.8547	2.9633
570	59.7470	7.4220
571	28.8931	3.5892
572	22.7827	2.8302
573	20.5509	2.5529
574	44.5974	5.5400
575	0.0000	0.0000
576	0.0000	0.0000
577	0.0000	0.0000
578	5.0317	0.6251
579	55.5764	6.9039
580	9.0394	1.1229
581	16.9550	2.1062
582	58.0294	7.2086
583	34.9874	4.3463
584	6.6660	0.8281
585	24.7680	3.0768
586	15.0122	1.8649
587	28.4687	3.5365
588	0.0000	0.0000
589	34.6745	4.3074
590	30.8419	3.8313
591	9.1733	1.1395
592	51.4390	6.3899
593	9.2591	1.1502
594	0.0000	0.0000
595	9.6489	1.1986
596	19.7195	2.4496
597	34.0257	4.2268
598	43.1138	5.3558
599	5.1822	0.6438
600	30.3782	3.7737
601	15.9444	1.9807
602	46.1788	5.7365
603	16.0915	1.9989
604	9.0150	1.1199
605	37.8038	4.6961
606	29.8677	3.7103
607	20.5452	2.5522
608	24.7689	3.0769
609	34.6183	4.3004
610	23.4844	2.9173
611	46.0508	5.7206
612	23.0596	2.8645
613	4.4731	0.5557
614	0.0000	0.0000
615	13.5599	1.6845
616	80.2649	9.9708
617	28.5206	3.5429
618	15.6155	1.9398
619	10.3063	1.2803
620	16.9708	2.1082
621	14.5029	1.8016
622	57.1647	7.1012
623	24.5519	3.0499
624	54.7665	6.8033
625	30.9638	3.8464
626	41.2180	5.1203
627	29.3261	3.6430
628	49.2362	6.1163
629	35.3465	4.3909
630	52.8098	6.5602
631	31.5511	3.9194
632	17.8691	2.2198
633	13.0126	1.6165
634	81.3253	10.1025
635	0.0000	0.0000
636	26.1024	3.2425
637	44.8032	5.5656
638	27.9924	3.4773
639	61.7376	7.6693
640	0.0000	0.0000
641	46.0229	5.7171
642	23.6629	2.9395
643	53.8918	6.6946
644	0.0000	0.0000
645	15.2341	1.8924
646	7.4859	0.9299
647	32.5761	4.0467
648	43.6157	5.4181
649	24.0025	2.9817
650	56.3654	7.0019
651	66.3093	8.2372
652	28.0888	3.4893
653	52.6587	6.5415
654	2.8756	0.3572
655	34.5357	4.2901
656	36.6471	4.5524
657	30.9269	3.8419
658	7.1898	0.8931
659	26.4865	3.2902
660	52.6029	6.5345
661	18.2913	2.2722
662	47.0637	5.8464
663	46.2692	5.7477
664	32.9867	4.0977
665	11.3717	1.4126
666	15.6551	1.9447
667	19.7973	2.4593
668	32.3779	4.0221
669	33.9595	4.2186
670	40.1372	4.9860
671	5.9834	0.7433
672	40.5553	5.0379
673	38.7809	4.8175
674	33.9060	4.2119
675	58.2497	7.2360
676	38.7274	4.8109
677	32.1276	3.9910
678	0.0000	0.0000
679	36.8600	4.5789
680	17.7970	2.2108
681	41.4104	5.1442
682	19.2794	2.3950
683	15.9577	1.9823
684	38.8864	4.8306
685	48.1254	5.9783
686	54.9537	6.8266
687	38.6152	4.7969
688	28.8106	3.5790
689	2.6870	0.3338
690	23.2900	2.8932
691	0.0000	0.0000
692	32.2249	4.0031
693	56.8672	7.0642
694	0.0000	0.0000
695	71.1549	8.8391
696	48.0260	5.9660
697	32.4045	4.0254
698	15.2328	1.8923
699	41.3856	5.1411
700	0.0000	0.0000
701	15.4115	1.9145
702	19.5054	2.4230
703	51.7156	6.4243
704	0.0000	0.0000
705	28.4557	3.5349
706	27.8746	3.4627
707	0.0000	0.0000
708	0.0000	0.0000
709	41.7335	5.1843
710	23.8199	2.9590
711	29.1100	3.6161
712	41.0197	5.0956
713	2.8137	0.3495
714	23.1744	2.8788
715	46.7448	5.8068
716	53.1834	6.6066
717	23.5433	2.9246
718	15.4960	1.9250
719	0.0000	0.0000
720	42.5796	5.2894
721	42.0028	5.2177
722	28.6923	3.5643
723	35.7005	4.4348
724	0.0000	0.0000
725	34.6217	4.3008
726	17.3474	2.1550
727	12.3071	1.5288
728	17.1302	2.1280
729	27.9323	3.4699
730	2.8560	0.3548
731	50.5151	6.2752
732	41.5275	5.1587
733	50.8241	6.3136
734	45.7062	5.6778
735	44.2866	5.5014
736	23.0957	2.8690
737	46.6931	5.8004
738	40.2919	5.0052
739	24.0000	2.9814
740	77.3470	9.6083
741	10.3264	1.2828
742	3.4644	0.4304
743	12.7961	1.5896
744	21.7199	2.6981
745	25.8625	3.2127
746	24.3941	3.0303
747	67.2377	8.3525
748	21.7398	2.7006
749	10.7136	1.3309
750	22.9050	2.8453
751	13.7833	1.7122
752	70.3485	8.7389
753	10.2775	1.2767
754	5.4463	0.6766
755	5.2775	0.6556
756	56.9878	7.0792
757	42.3949	5.2665
758	3.7655	0.4678
759	34.5904	4.2969
760	63.3766	7.8729
761	27.9940	3.4775
762	0.0000	0.0000
763	36.6856	4.5572
764	32.8449	4.0801
765	39.6033	4.9197
766	10.5110	1.3057
767	0.0000	0.0000
768	18.5485	2.3042
769	0.0000	0.0000
770	15.9027	1.9755
771	23.5905	2.9305
772	21.8326	2.7121
773	0.0000	0.0000
774	57.7265	7.1710
775	20.1348	2.5012
776	37.5753	4.6677
777	50.7812	6.3082
778	0.0000	0.0000
779	70.6395	8.7751
780	20.0680	2.4929
781	47.9752	5.9597
782	4.7942	0.5955
783	26.1920	3.2537
784	27.2499	3.3851
785	30.6109	3.8026
786	25.7789	3.2023
787	23.2467	2.8878
788	7.5660	0.9399
789	3.4259	0.4256
790	20.5030	2.5470
791	53.2402	6.6137
792	38.3798	4.7677
793	19.7168	2.4493
794	62.9442	7.8192
795	32.0790	3.9850
796	38.7834	4.8178
797	19.7309	2.4510
798	34.2408	4.2535
799	36.3455	4.5150
800	51.1107	6.3492
801	0.0000	0.0000
802	24.7226	3.0711
803	29.6580	3.6842
804	29.5969	3.6766
805	32.4764	4.0343
806	43.5186	5.4060
807	10.6417	1.3220
808	33.8639	4.2067
809	34.5215	4.2884
810	73.6952	9.1547
811	19.0177	2.3624
812	9.7116	1.2064
813	50.4530	6.2675
814	0.0000	0.0000
815	21.7067	2.6965
816	4.3451	0.5398
817	67.0556	8.3299
818	49.4856	6.1473
819	76.0655	9.4491
820	39.8614	4.9517
821	25.7555	3.1994
822	55.6834	6.9172
823	29.6644	3.6850
824	44.9211	5.5803
825	5.3612	0.6660
826	56.9667	7.0766
827	39.0963	4.8567
828	16.5073	2.0506
829	45.0265	5.5934
830	60.5289	7.5191
831	41.0831	5.1035
832	40.1880	4.9923
833	23.6934	2.9433
834	56.6178	7.0333
835	10.1650	1.2627
836	50.6705	6.2945
837	6.5537	0.8141
838	18.2458	2.2666
839	4.1703	0.5180
840	26.5669	3.3002
841	12.6317	1.5692
842	37.4658	4.6541
843	35.4813	4.4076
844	16.0342	1.9918
845	43.5465	5.4095
846	23.5490	2.9253
847	28.7069	3.5661
848	79.1778	9.8357
849	59.3496	7.3726
850	35.4119	4.3990
851	30.8143	3.8279
852	38.6377	4.7997
853	17.6540	2.1930
854	40.6542	5.0502
855	47.5589	5.9079
856	9.9953	1.2417
857	58.6564	7.2865
858	24.7625	3.0761
859	7.6059	0.9448
860	40.4877	5.0295
861	34.4277	4.2767
862	15.4174	1.9152
863	18.6239	2.3135
864	27.8288	3.4570
865	36.8438	4.5769
866	0.0000	0.0000
867	13.3788	1.6620
868	17.0789	2.1216
869	42.0138	5.2191
870	39.3294	4.8856
871	25.0918	3.1170
872	26.3234	3.2700
873	0.0000	0.0000
874	31.1994	3.8757
875	0.0000	0.0000
876	37.2153	4.6230
877	40.2654	5.0019
878	25.3890	3.1539
879	19.9335	2.4762
880	0.0000	0.0000
881	22.0871	2.7437
882	27.2910	3.3902
883	0.0000	0.0000
884	54.6247	6.7857
885	21.5761	2.6803
886	20.3596	2.5291
887	21.5406	2.6759
888	51.5507	6.4038
889	42.0633	5.2252
890	34.7100	4.3118
891	43.2607	5.3740
892	36.6931	4.5582
893	16.3246	2.0279
894	59.4331	7.3830
895	9.3989	1.1676
896	27.2324	3.3829
897	37.6804	4.6808
898	26.2226	3.2575
899	39.5002	4.9069
900	2.3681	0.2942
901	27.0111	3.3554
902	23.4513	2.9132
903	70.0745	8.7049
904	3.7641	0.4676
905	2.5938	0.3222
906	0.0000	0.0000
907	57.5824	7.1531
908	2.2542	0.2800
909	37.2758	4.6305
910	44.4327	5.5196
911	52.4025	6.5096
912	37.5526	4.6649
913	62.0115	7.7033
914	36.0033	4.4725
915	31.2071	3.8767
916	40.5485	5.0371
917	27.2171	3.3810
918	36.4008	4.5218
919	28.0266	3.4816
920	58.2506	7.2361
921	64.4455	8.0056
922	40.3415	5.0114
923	57.8921	7.1916
924	29.1149	3.6168
925	0.0000	0.0000
926	51.2302	6.3640
927	5.5005	0.6833
928	7.2290	0.8980
929	33.6358	4.1784
930	37.9556	4.7150
931	32.8762	4.0840
932	3.7859	0.4703
933	21.5055	2.6715
934	34.5469	4.2915
935	39.1641	4.8651
936	23.0218	2.8599
937	22.3774	2.7798
938	21.6911	2.6945
939	54.6649	6.7907
940	55.8902	6.9429
941	0.0000	0.0000
942	5.6865	0.7064
943	14.4403	1.7938
944	21.2392	2.6384
945	16.2011	2.0126
946	32.3095	4.0136
947	20.0516	2.4909
948	28.3106	3.5168
949	56.4344	7.0105
950	16.5173	2.0518
951	17.3341	2.1533
952	25.1679	3.1265
953	0.0000	0.0000
954	30.1277	3.7426
955	33.4640	4.1570
956	0.0000	0.0000
957	29.8592	3.7092
958	76.9484	9.5588
959	10.7080	1.3302
960	4.8220	0.5990
961	13.6589	1.6968
962	18.9959	2.3597
963	29.9529	3.7209
964	31.9714	3.9716
965	0.0000	0.0000
966	22.9209	2.8473
967	17.5877	2.1848
968	13.0419	1.6201
969	51.8732	6.4439
970	43.3552	5.3857
971	43.7084	5.4296
972	29.7844	3.6999
973	34.9561	4.3424
974	19.5192	2.4247
975	0.0000	0.0000
976	32.2085	4.0011
977	31.5011	3.9132
978	12.2822	1.5257
979	20.4143	2.5359
980	24.0757	2.9908
981	41.9995	5.2173
982	50.1382	6.2283
983	51.4708	6.3939
984	26.0913	3.2412
985	19.6218	2.4375
986	7.7103	0.9578
987	36.3430	4.5147
988	39.5389	4.9117
989	43.1001	5.3541
990	0.0000	0.0000
991	36.6565	4.5536
992	27.3530	3.3979
993	4.0702	0.5056
994	38.0564	4.7275
995	44.4796	5.5254
996	25.9911	3.2287
997	8.9239	1.1086
998	68.6689	8.5303
999	0.0000	0.0000
